0.03,499135
322.27,27900
644.52,16327
966.77,11592
1289.02,8970
1611.27,7340
1933.51,6186
2255.76,5371
2578.01,4723
2900.26,4251
3222.50,3828
3544.75,3502
3867.00,3217
4189.25,2983
4511.50,2770
4833.74,2595
5155.99,2435
5478.24,2301
5800.49,2166
6122.74,2074
6444.98,1967
6767.23,1877
7089.48,1788
7411.73,1711
7733.97,1641
8056.22,1581
8378.47,1523
8700.72,1471
9022.97,1411
9345.21,1356
9667.46,1323
9989.71,1282
10311.96,1229
10634.20,1194
10956.45,1169
11278.70,1133
11600.95,1090
11923.20,1074
12245.44,1041
12567.69,1002
12889.94,1007
13212.19,986
13534.44,963
13856.68,922
14178.93,920
14501.18,906
14823.43,855
15145.67,859
15467.92,829
15790.17,824
16112.42,799
16434.67,787
16756.91,764
17079.16,716
17401.41,745
17723.66,724
18045.90,744
18368.15,699
18690.40,700
19012.65,700
19334.90,661
19657.14,682
19979.39,633
20301.64,674
20623.89,652
20946.14,592
21268.38,574
21590.63,551
21912.88,521
22235.13,531
22557.37,590
22879.62,596
23201.87,579
23524.12,575
23846.37,420
24168.61,528
24490.86,444
24813.11,548
25135.36,544
25457.60,525
25779.85,527
26102.10,515
26424.35,346
26746.60,511
27068.84,505
27391.09,507
27713.34,470
28035.59,487
28357.84,498
28680.08,477
29002.33,490
29324.58,117
29646.83,488
29969.07,396
30291.32,393
30613.57,373
30935.82,349
31258.07,413
31580.31,378
31902.56,415
