1	170
2	18
3	11
4	9
5	7
6	6
7	6
8	5
9	5
10	5
11	5
12	5
13	5
14	5
15	5
16	5
17	6
18	6
19	7
20	9
21	7
22	13
23	17
24	15
25	13
26	25
27	27
28	29
29	29
30	35
31	27
32	41
33	45
34	67
35	64
36	87
37	105
38	95
39	119
40	90
41	137
42	158
43	195
44	216
45	290
46	324
47	281
48	313
49	314
50	501
51	367
52	456
53	426
54	674
55	580
56	663
57	568
58	862
59	912
60	896
61	914
62	1310
63	1180
64	1306
65	1340
66	1422
67	1475
68	1603
69	1844
70	1900
71	2119
72	2548
73	2555
74	2338
75	2677
76	3056
77	3493
78	3074
79	3993
80	4376
81	4435
82	4874
83	4554
84	5011
85	5467
86	5556
87	6256
88	7634
89	7938
90	7635
91	9397
92	8301
93	8758
94	9791
95	9380
96	11076
97	11198
98	11763
99	13135
100	14491
