1	19141
2	63
3	42
4	23
5	28
6	29
7	17
8	10
9	24
10	7
11	21
12	14
13	14
14	6
15	14
16	14
17	12
18	9
19	5
20	5
21	10
22	8
23	7
24	7
25	4
26	8
27	6
28	7
29	6
30	6
31	7
32	6
33	7
34	6
35	7
36	7
37	6
38	7
39	7
40	7
41	7
42	6
43	7
44	7
45	7
46	7
47	7
48	7
49	7
50	7
51	7
52	7
53	7
54	7
55	7
56	7
57	7
58	7
59	7
60	4
61	7
62	6
63	6
64	6
65	5
66	6
67	6
68	6
69	6
70	6
71	4
72	6
73	5
74	5
75	5
76	5
77	5
78	5
79	5
80	5
81	5
82	5
83	5
84	5
85	3
86	5
87	5
88	5
89	4
90	4
91	5
92	4
93	4
94	4
95	3
96	5
97	4
98	4
99	4
100	3
