332.00,6
447.32,6
562.64,8
677.95,11
793.27,14
908.58,21
1023.90,30
1139.22,32
1254.53,44
1369.85,67
1485.16,70
1600.48,103
1715.79,100
1831.11,107
1946.43,126
2061.74,167
2177.06,129
2292.37,230
2407.69,151
2523.01,243
2638.32,261
2753.64,287
2868.95,325
2984.27,384
3099.59,435
3214.90,448
3330.22,503
3445.53,428
3560.85,416
3676.16,459
3791.48,707
3906.80,472
4022.11,655
4137.43,715
4252.74,676
4368.06,840
4483.38,1011
4598.69,833
4714.01,998
4829.32,735
4944.64,1347
5059.96,1110
5175.27,1043
5290.59,1220
5405.90,1404
5521.22,1116
5636.54,1535
5751.85,1204
5867.17,1507
5982.48,1669
6097.80,992
6213.11,2130
6328.43,1288
6443.75,2009
6559.06,2047
6674.38,1804
6789.69,1998
6905.01,1912
7020.33,2289
7135.64,2031
7250.96,2207
7366.27,1971
7481.59,2141
7596.91,2014
7712.22,2522
7827.54,2554
7942.85,2809
8058.17,3017
8173.48,3139
8288.80,2548
8404.12,2808
8519.43,2914
8634.75,2492
8750.06,2665
8865.38,3212
8980.70,3187
9096.01,3170
9211.33,3379
9326.64,2901
9441.96,3907
9557.28,2617
9672.59,3469
9787.91,4263
9903.22,4948
10018.54,3901
10133.85,4176
10249.17,3999
10364.49,4878
10479.80,3611
10595.12,3360
10710.43,4575
10825.75,4845
10941.07,4572
11056.38,4991
11171.70,3835
11287.01,3833
11402.33,4917
11517.65,5164
11632.96,5182
11748.28,4475
